72365 ABQ Albuquerque Observations at 00Z 22 Dec 2017

   PRES   HGHT   TEMP   DWPT   RELH   MIXR   DRCT   SKNT   THTA   THTE   THTV                                                              
  828.0   1619    8.2   -4.8     39   3.25    355     16  296.9  306.9  297.5
  821.0   1689    6.4   -7.6     36   2.64    352     16  295.8  303.9  296.2
  790.0   2004    3.6   -8.4     41   2.58    340     18  296.0  304.0  296.5
  777.5   2134    3.6   -9.0     39   2.50    335     18  297.4  305.2  297.8
  769.0   2223    3.6   -9.4     38   2.45    313     17  298.3  306.0  298.8
  754.0   2383    2.2   -9.8     41   2.42    274     15  298.5  306.1  298.9
  748.9   2438    2.8  -10.7     36   2.27    260     14  299.7  306.9  300.1
  747.0   2459    3.0  -11.0     35   2.22    258     14  300.1  307.2  300.6
  739.0   2546    2.8  -11.2     35   2.21    251     15  300.9  307.9  301.3
  721.2   2743    1.0  -11.9     37   2.13    235     18  301.0  307.8  301.4
  704.0   2937   -0.7  -12.7     40   2.06    219     26  301.2  307.8  301.6
  700.0   2983   -0.7  -13.7     37   1.91    215     28  301.7  307.8  302.0
  696.0   3029   -0.9  -14.9     34   1.74    214     29  301.9  307.6  302.3
  653.0   3534   -5.5  -16.5     42   1.62    207     37  302.3  307.6  302.6
  642.7   3658   -6.2  -18.3     38   1.41    205     39  302.9  307.6  303.2
  635.0   3753   -6.7  -19.7     35   1.27    204     39  303.4  307.6  303.6
  594.0   4267  -11.6  -20.8     47   1.24    200     42  303.5  307.6  303.8
  582.0   4425  -13.1  -21.1     51   1.23    203     44  303.5  307.6  303.8
  570.8   4572  -14.5  -21.0     58   1.26    205     45  303.6  307.8  303.8
  558.0   4744  -16.1  -20.9     67   1.30    211     48  303.7  308.0  303.9
  548.3   4877  -16.3  -25.5     45   0.88    215     50  305.0  308.0  305.2
  536.0   5047  -16.5  -31.5     26   0.52    221     58  306.7  308.5  306.8
  525.0   5203  -17.5  -34.5     21   0.39    226     66  307.3  308.8  307.4
  519.0   5289  -15.7  -45.7      6   0.12    229     70  310.5  311.0  310.5
  505.6   5486  -16.4  -59.8      1   0.02    235     80  312.0  312.1  312.0
  504.0   5510  -16.5  -61.5      1   0.02    235     80  312.1  312.2  312.1
  500.0   5570  -16.9  -60.9      1   0.02    235     80  312.4  312.5  312.4
  465.5   6096  -21.1  -62.1      1   0.02    235     82  313.5  313.6  313.5
  434.0   6612  -25.3  -63.3      2   0.02    235     88  314.6  314.7  314.6
  412.0   6987  -26.9  -65.9      1   0.01    235     92  317.2  317.3  317.3
  405.0   7111  -26.3  -64.3      2   0.02    235     94  319.6  319.7  319.6
  400.0   7200  -27.1  -63.1      2   0.02    235     95  319.7  319.8  319.7
  380.0   7567  -30.3  -62.3      3   0.02    231     95  320.2  320.3  320.2
  377.1   7620  -30.6  -61.4      3   0.03    230     95  320.5  320.6  320.5
  363.0   7890  -32.1  -57.1      7   0.05    229     99  322.0  322.2  322.0
  353.0   8087  -31.9  -60.9      4   0.03    228    102  324.8  325.0  324.9
  344.0   8269  -33.3  -59.3      6   0.04    227    105  325.4  325.5  325.4
  322.0   8731  -34.9  -55.9     10   0.06    225    112  329.3  329.6  329.4
  317.0   8839  -35.8  -55.7     11   0.06    225    114  329.6  329.9  329.6
  303.3   9144  -38.3  -55.1     15   0.07    225    113  330.3  330.6  330.3
  300.0   9220  -38.9  -54.9     17   0.07    225    112  330.4  330.7  330.4
  282.0   9644  -42.7  -55.7     23   0.07    223    113  330.9  331.2  330.9
  253.3  10363  -49.1  -61.2     23   0.04    220    115  331.7  331.9  331.7
  251.0  10423  -49.7  -61.7     23   0.04    220    115  331.7  331.9  331.7
  250.0  10450  -49.9  -61.9     23   0.04    220    115  331.8  331.9  331.8
  236.0  10824  -52.7  -64.7     22   0.03    220    106  333.0  333.1  333.0
  233.0  10906  -52.9  -65.9     19   0.02    220    105  333.9  334.1  333.9
  230.0  10990  -51.7  -65.7     17   0.02    220    103  337.0  337.1  337.0
  225.0  11132  -50.7  -66.7     13   0.02    220     99  340.7  340.8  340.7
  220.0  11278  -51.8  -69.0     11   0.02    220     96  341.2  341.3  341.2
  213.0  11487  -53.3  -72.3      8   0.01    218     96  342.0  342.0  342.0
  200.1  11887  -54.9  -74.9      7   0.01    215     96  345.6  345.7  345.6
  200.0  11890  -54.9  -74.9      7   0.01    215     97  345.7  345.7  345.7
  196.0  12019  -55.7  -75.7      7   0.01    215     93  346.4  346.4  346.4
  193.0  12117  -54.3  -76.3      5   0.01    218     93  350.2  350.2  350.2
  189.0  12251  -55.1  -77.1      5   0.01    222     92  351.0  351.0  351.0
  186.0  12353  -54.7  -76.7      5   0.01    225     92  353.2  353.3  353.2
  184.0  12422  -53.1  -76.1      4   0.01    228     91  356.9  357.0  356.9
  181.9  12497  -52.9  -76.5      4   0.01    230     91  358.4  358.4  358.4
  177.0  12672  -52.5  -77.5      3   0.01    230     89  361.9  361.9  361.9
  170.0  12931  -54.3  -79.3      3   0.00    230     86  363.1  363.1  363.1
  163.0  13199  -54.9  -80.9      3   0.00    230     83  366.5  366.5  366.5
  159.0  13358  -53.9  -80.9      2   0.00    230     82  370.8  370.8  370.8
  157.7  13411  -54.2  -81.2      2   0.00    230     81  371.2  371.2  371.2
  154.0  13562  -54.9  -81.9      2   0.00    232     79  372.5  372.5  372.5
  150.0  13730  -54.7  -82.7      2   0.00    235     76  375.6  375.6  375.6
  146.0  13903  -53.7  -83.7      1   0.00    235     69  380.3  380.3  380.3
  137.0  14313  -53.5  -84.5      1   0.00    235     54  387.6  387.6  387.6
  136.7  14326  -53.6  -84.6      1   0.00    235     53  387.7  387.7  387.7
  125.0  14899  -56.3  -87.3      1   0.00    251     54  392.8  392.8  392.8
  118.4  15240  -58.7  -88.3      1   0.00    260     55  394.6  394.6  394.6
  107.0  15871  -63.1  -90.1      2   0.00    269     27  397.8  397.8  397.8
  103.0  16107  -61.1  -90.1      1   0.00    272     17  406.0  406.0  406.0
  100.0  16290  -62.7  -90.7      1   0.00    275      9  406.3  406.3  406.3
   97.0  16478  -61.3  -89.3      1   0.00    272     11  412.6  412.6  412.6
   94.1  16665  -62.7  -89.7      2   0.00    268     13  413.4  413.4  413.4
   92.9  16744  -61.7  -89.7      1   0.00    267     14  416.9  416.9  416.9
   89.9  16947  -63.1  -90.1      2   0.00    263     16  418.1  418.1  418.1
   88.2  17064  -62.3  -89.3      2   0.00    261     17  422.0  422.0  422.0
   79.8  17678  -66.4  -90.8      2   0.00    250     24  425.9  425.9  425.9
   78.3  17790  -67.1  -91.1      2   0.00    250     23  426.6  426.6  426.6
   76.4  17939  -62.3  -89.3      2   0.00    258     19  439.6  439.6  439.6
   75.9  17983  -62.0  -89.2      2   0.00    260     18  441.2  441.2  441.2
   74.0  18137  -60.9  -88.9      1   0.00    242     13  446.6  446.6  446.6
   72.2  18288  -61.7  -89.2      1   0.00    225      8  448.1  448.1  448.1
   70.0  18480  -62.7  -89.7      2   0.00    215     10  449.9  449.9  449.9
   68.7  18593  -63.0  -89.8      2   0.00    255     15  451.7  451.7  451.7
   65.4  18898  -63.7  -90.0      2   0.00    255     20  456.5  456.5  456.5
   63.7  19061  -64.1  -90.1      2   0.00    270     18  459.1  459.1  459.1
   61.4  19289  -59.7  -88.7      1   0.00    290     14  473.7  473.8  473.7
   59.3  19507  -60.7  -89.2      1   0.00    310     11  476.1  476.2  476.1
   57.8  19667  -61.5  -89.5      1   0.00    307     12  477.9  477.9  477.9
   56.5  19812  -61.2  -89.2      1   0.00    305     12  481.7  481.7  481.7
   53.8  20117  -60.7  -88.7      1   0.00     90     15  489.8  489.8  489.8
   53.0  20207  -60.5  -88.5      1   0.00     94     15  492.2  492.2  492.2
   51.4  20398  -61.9  -88.9      2   0.00    102     15  493.3  493.3  493.3
   50.0  20570  -60.5  -89.5      1   0.00    110     15  500.5  500.5  500.5
   48.8  20726  -60.5  -88.6      1   0.00    110     15  504.1  504.1  504.1
   48.6  20747  -60.5  -88.5      1   0.00    110     15  504.6  504.6  504.6
   45.4  21169  -62.1  -90.1      1   0.00    103     18  510.6  510.6  510.6
   44.2  21336  -60.6  -89.7      1   0.00    100     19  518.2  518.2  518.2
   43.2  21478  -59.3  -89.3      1   0.00    112     21  524.8  524.8  524.8
   42.1  21641  -59.6  -89.1      1   0.00    125     23  528.0  528.0  528.0
   40.9  21820  -59.9  -88.9      1   0.00    101     24  531.5  531.6  531.5
   40.1  21946  -59.5  -88.9      1   0.00     85     24  535.7  535.7  535.7
   38.2  22250  -58.4  -88.8      1   0.00     75     28  545.8  545.8  545.8
   35.3  22746  -56.7  -88.7      1   0.00     81     33  562.7  562.7  562.7
   31.5  23470  -58.9  -89.2      1   0.00     90     40  575.6  575.6  575.6
   30.8  23605  -59.3  -89.3      1   0.00     90     40  578.0  578.1  578.0
   30.0  23770  -59.5  -89.5      1   0.00     90     40  581.9  581.9  581.9
   28.6  24079  -59.1  -89.7      1   0.00     95     39  591.1  591.1  591.1
   27.6  24291  -58.9  -89.9      1   0.00     81     38  597.5  597.6  597.5
   27.2  24384  -59.1  -90.0      1   0.00     75     37  599.6  599.6  599.6
   21.3  25900  -62.1  -91.1      1   0.00     83     38  633.9  633.9  633.9
   20.0  26290  -60.5  -90.5      1   0.01     85     38  650.3  650.3  650.3
   19.3  26518  -59.9  -90.2      1   0.01     90     48  658.8  658.9  658.8
   17.8  27019  -58.7  -89.7      1   0.01     87     46  678.0  678.0  678.0
   16.7  27432  -59.3  -89.9      1   0.01     85     45  689.0  689.1  689.0
   15.2  28007  -60.1  -90.1      1   0.01     88     42  704.6  704.7  704.6
   13.2  28887  -59.7  -90.7      1   0.01     92     36  735.0  735.1  735.0
   12.9  29031  -58.1  -89.1      1   0.01     93     35  745.4  745.5  745.4
   11.8  29566  -58.8  -89.8      1   0.01     95     32  761.2  761.4  761.2
   10.9  30089  -59.5  -90.5      1   0.01     82     28  777.0  777.2  777.0
   10.8  30175  -59.1  -90.4      1   0.01     80     27  781.6  781.7  781.6
   10.4  30383  -58.1  -90.1      1   0.01     90     22  792.7  792.8  792.7
   10.2  30480  -58.2  -89.8      1   0.01     95     19  795.9  796.0  795.9
   10.0  30630  -58.3  -89.3      1   0.01     85     18  800.9  801.0  800.9
    9.3  31090  -58.0  -89.7      1   0.01     75     14  818.8  819.0  818.8
    9.0  31295  -57.9  -89.9      1   0.01     92     13  826.9  827.1  826.9
    8.4  31699  -54.5  -87.2      1   0.02    125     11  855.4  855.7  855.4
    8.3  31812  -53.5  -86.5      1   0.03    112     13  863.5  863.9  863.5
    8.1  32004  -53.3  -86.3      1   0.03     90     16  871.7  872.1  871.7
    7.8  32213  -53.1  -86.1      1   0.03    152      7  880.6  881.0  880.6
    7.7  32309  -52.0  -85.4      1   0.04    180      3  888.6  889.0  888.6
    7.5  32468  -50.3  -84.3      1   0.04    200      5  901.9  902.5  901.9
    7.0  32920  -49.5  -83.5      1   0.05    255     10  923.1  923.9  923.1
    6.8  33110  -49.9  -83.9      1   0.05    264     16  929.1  929.9  929.2
    6.7  33223  -48.8  -83.1      1   0.06    270     20  938.5  939.4  938.5
    6.5  33406  -46.9  -81.9      1   0.08                953.8  954.9  953.9

