72365 ABQ Albuquerque Observations at 00Z 22 Jun 2017

   PRES   HGHT   TEMP   DWPT   RELH   MIXR   DRCT   SKNT   THTA   THTE   THTV
  834.0   1619   37.6    2.6     11   5.56    275      4  327.3  346.1  328.4
  823.0   1740   35.2    3.2     14   5.89    341      5  326.0  345.8  327.2
  814.9   1829   34.2    2.7     14   5.75     30      5  325.9  345.2  327.0
  787.7   2134   31.0    1.1     15   5.31      0      5  325.6  343.4  326.6
  775.0   2280   29.4    0.4     15   5.11    336      5  325.4  342.6  326.4
  761.1   2438   27.9   -0.0     16   5.04    310      6  325.5  342.5  326.5
  735.1   2743   25.0   -0.8     18   4.92    290      7  325.6  342.2  326.6
  700.0   3172   21.0   -2.0     21   4.74    270     11  325.7  341.8  326.6
  661.2   3658   16.2   -3.5     26   4.50    260      9  325.6  340.9  326.5
  643.0   3896   13.8   -4.2     28   4.38    256      6  325.5  340.4  326.4
  614.6   4267   10.2   -5.1     34   4.28    250      2  325.6  340.2  326.5
  570.7   4877    4.3   -6.6     45   4.11    245      7  325.7  339.7  326.5
  543.0   5286    0.4   -7.6     55   4.00    215      6  325.7  339.3  326.5
  517.0   5677   -3.7   -8.4     70   3.95    185      6  325.3  338.8  326.1
  510.0   5784   -4.1   -9.1     68   3.79    177      5  326.1  339.1  326.9
  501.0   5924   -5.9   -9.0     79   3.88    166      5  325.6  338.8  326.4
  500.0   5940   -6.1   -9.2     79   3.83    165      5  325.5  338.6  326.3
  490.2   6096   -6.4  -10.8     71   3.44    200      3  327.1  338.9  327.7
  486.0   6163   -6.5  -11.5     68   3.28    206      3  327.7  339.1  328.4
  479.0   6277   -7.9  -11.4     76   3.36    217      3  327.3  338.9  328.0
  464.0   6525   -9.1  -13.8     69   2.85    242      3  328.8  338.8  329.4
  455.0   6677  -10.7  -14.1     76   2.84    256      3  328.7  338.6  329.2
  406.0   7548  -16.1  -19.3     76   2.06    343      4  332.6  340.0  333.0
  402.1   7620  -16.9  -20.4     74   1.89    350      4  332.5  339.3  332.9
  400.0   7660  -17.3  -21.0     73   1.80    350      3  332.4  339.0  332.8
  387.0   7906  -19.9  -24.3     68   1.39    313      3  332.2  337.3  332.4
  386.0   7925  -20.0  -24.2     69   1.40    310      3  332.3  337.5  332.6
  379.0   8060  -20.5  -23.9     74   1.47    309      6  333.4  338.8  333.6
  371.0   8217  -22.9  -30.9     48   0.79    308      9  332.2  335.2  332.4
  359.0   8457  -23.7  -28.1     67   1.06    306     14  334.3  338.3  334.5
  355.2   8534  -24.4  -29.3     64   0.96    305     16  334.3  337.9  334.5
  346.0   8724  -26.3  -32.3     57   0.74    314     22  334.3  337.1  334.4
  340.5   8839  -25.9  -30.7     64   0.88    320     25  336.3  339.7  336.5
  340.0   8850  -25.9  -30.5     65   0.89    320     25  336.5  339.9  336.7
  328.0   9108  -28.5  -39.5     34   0.38    320     24  336.4  337.9  336.5
  326.4   9144  -28.9  -42.8     25   0.27    320     24  336.3  337.4  336.4
  324.0   9196  -29.5  -47.5     16   0.16    319     24  336.2  336.9  336.2
  317.0   9351  -30.1  -63.1      3   0.02    317     23  337.5  337.6  337.5
  311.0   9486  -30.9  -70.9      1   0.01    314     23  338.2  338.2  338.2
  303.0   9670  -32.5  -70.5      1   0.01    311     22  338.5  338.5  338.5
  300.0   9740  -33.1  -59.1      6   0.04    310     22  338.6  338.8  338.6
  298.0   9787  -33.5  -54.5     10   0.08    312     22  338.7  339.0  338.7
  295.0   9858  -33.7  -40.7     49   0.37    315     22  339.4  340.9  339.5
  292.0   9929  -34.1  -40.1     55   0.40    317     21  339.8  341.4  339.9
  287.0  10050  -35.1  -44.1     39   0.27    322     21  340.1  341.2  340.1
  283.0  10147  -35.7  -58.7      8   0.05    326     20  340.6  340.8  340.6
  281.0  10196  -35.5  -72.5      1   0.01    328     20  341.6  341.6  341.6
  274.0  10371  -35.9  -73.9      1   0.01    335     20  343.4  343.5  343.4
  250.0  11000  -40.9  -75.9      1   0.01      0     17  345.1  345.1  345.1
  200.0  12480  -53.1  -78.1      3   0.00    280     17  348.5  348.5  348.5
  199.0  12512  -53.5  -78.5      3   0.00    282     17  348.4  348.4  348.4
  186.0  12946  -55.3  -81.3      3   0.00    304     14  352.3  352.3  352.3
  175.0  13332  -58.7  -82.7      3   0.00    324     12  352.9  352.9  352.9
  152.0  14209  -63.3  -86.3      3   0.00     11      7  359.5  359.5  359.5
  150.0  14290  -64.3  -85.3      4   0.00     15      6  359.1  359.1  359.1
  143.0  14581  -66.5  -86.5      5   0.00      1      7  360.2  360.2  360.2
  137.0  14840  -66.7  -86.7      4   0.00    349      8  364.3  364.3  364.3
  128.2  15240  -69.2  -87.7      5   0.00    330     10  366.9  366.9  366.9
  125.0  15391  -70.1  -88.1      6   0.00    340      7  367.8  367.8  367.8
  120.0  15634  -69.9  -88.9      5   0.00    342      7  372.5  372.5  372.5
  119.0  15684  -69.1  -88.1      5   0.00    342      7  374.9  374.9  374.9
  116.0  15836  -69.5  -88.5      5   0.00    343      7  376.9  376.9  376.9
  114.0  15940  -68.7  -87.7      5   0.00    344      7  380.2  380.2  380.2
  109.0  16208  -70.1  -89.1      5   0.00    346      7  382.5  382.5  382.5
  100.0  16720  -70.7  -88.7      6   0.00    350      7  390.9  390.9  390.9
   92.0  17211  -71.7  -90.7      4   0.00     52     13  398.3  398.3  398.3
   85.0  17678  -69.7  -91.6      3   0.00    110     19  411.5  411.5  411.5
   78.2  18177  -67.5  -92.5      2   0.00    118     14  425.9  425.9  425.9
   76.8  18288  -67.7  -92.9      2   0.00    120     13  427.8  427.8  427.8
   73.0  18593  -68.2  -94.0      1   0.00     85      8  432.9  432.9  432.9
   71.1  18747  -68.5  -94.5      1   0.00     76     10  435.6  435.6  435.6
   70.0  18840  -67.3  -94.3      1   0.00     70     11  440.1  440.1  440.1
   69.3  18898  -66.5  -94.1      1   0.00     70     15  443.0  443.0  443.0
   66.7  19134  -63.3  -93.3      1   0.00    101     20  454.9  454.9  454.9
   66.0  19202  -63.6  -93.6      1   0.00    110     22  455.6  455.6  455.6
   64.0  19387  -64.5  -94.5      1   0.00    116     20  457.6  457.6  457.6
   62.8  19507  -64.0  -94.0      1   0.00    120     18  461.3  461.3  461.3
   60.1  19772  -62.9  -92.9      1   0.00     81     19  469.5  469.5  469.5
   59.7  19812  -63.1  -93.0      1   0.00     75     19  470.0  470.0  470.0
   55.3  20281  -65.1  -94.1      1   0.00     71     16  475.8  475.8  475.8
   54.0  20422  -63.9  -93.3      1   0.00     70     15  481.6  481.6  481.6
   52.1  20647  -62.1  -92.1      1   0.00     89     17  490.9  490.9  490.9
   50.0  20900  -63.1  -93.1      1   0.00    110     20  494.4  494.4  494.4
   49.0  21031  -63.6  -93.6      1   0.00    115     21  496.2  496.2  496.2
   48.7  21062  -63.7  -93.7      1   0.00    109     20  496.7  496.7  496.7
   46.6  21336  -61.2  -91.8      1   0.00     60     11  509.0  509.1  509.0
   45.4  21497  -59.7  -90.7      1   0.00     71     12  516.4  516.4  516.4
   44.4  21641  -59.4  -90.4      1   0.00     80     13  520.4  520.5  520.4
   43.8  21722  -59.3  -90.3      1   0.00     81     13  522.7  522.7  522.7
   43.1  21823  -57.5  -89.5      1   0.00     83     13  529.5  529.6  529.5
   42.3  21946  -57.1  -89.1      1   0.00     85     13  533.5  533.5  533.5
   40.7  22186  -56.3  -88.3      1   0.00     93     19  541.3  541.3  541.3
   40.3  22250  -56.3  -88.3      1   0.00     95     20  542.7  542.8  542.7
   36.6  22860  -56.7  -88.7      1   0.00    130     11  556.9  556.9  556.9
   33.2  23470  -57.1  -89.1      1   0.00     75     16  571.4  571.5  571.4
   30.2  24079  -57.5  -89.5      1   0.00     70     22  586.3  586.3  586.3
   30.0  24120  -57.5  -89.5      1   0.00     85     24  587.3  587.3  587.3
   29.2  24290  -58.3  -89.3      1   0.00     98     23  589.6  589.7  589.7
   28.8  24384  -57.8  -89.0      1   0.01    105     23  593.5  593.6  593.5
   27.4  24689  -56.1  -88.0      1   0.01     50     18  606.3  606.4  606.3
   26.1  24994  -54.5  -87.1      1   0.01     45     24  619.4  619.4  619.4
   25.4  25178  -53.5  -86.5      1   0.01     54     23  627.3  627.4  627.3
   23.8  25603  -53.7  -86.7      1   0.01     75     22  638.7  638.8  638.7
   23.7  25623  -53.7  -86.7      1   0.01     74     22  639.3  639.4  639.3
   22.7  25908  -52.1  -85.6      1   0.01     60     22  652.2  652.3  652.2
   21.6  26213  -50.3  -84.4      1   0.01     65     28  666.2  666.4  666.2
   20.7  26518  -48.5  -83.2      1   0.02     95     37  680.5  680.7  680.5
   20.1  26697  -47.5  -82.5      1   0.02     99     37  689.0  689.3  689.0
   20.0  26730  -47.5  -82.5      1   0.02    100     37  690.0  690.2  690.0
   18.0  27432  -47.5  -82.5      1   0.02    110     30  711.3  711.6  711.3
   17.2  27737  -47.5  -82.5      1   0.03    120     24  720.8  721.1  720.8
   17.1  27763  -47.5  -82.5      1   0.03    117     24  721.6  721.9  721.6
   16.4  28042  -45.7  -81.1      1   0.03     85     28  736.2  736.5  736.2
   14.4  28915  -39.9  -76.9      1   0.08     80     15  783.4  784.3  783.5
   14.3  28956  -39.9  -76.9      1   0.08     80     14  784.7  785.5  784.7
   13.7  29261  -40.2  -77.2      1   0.08    105     15  794.0  794.9  794.0
   13.1  29566  -40.4  -77.4      1   0.08    105      9  803.4  804.3  803.4
   12.5  29870  -40.6  -77.7      1   0.08    135     15  812.9  813.8  812.9
   12.4  29933  -40.7  -77.7      1   0.08    136     15  814.8  815.8  814.9
   12.0  30175  -40.1  -77.1      1   0.09    140     15  825.2  826.3  825.3
   11.4  30480  -39.4  -76.4      1   0.10    100     12  838.5  839.8  838.6
   11.0  30750  -38.7  -75.7      1   0.12     85     15  850.5  851.9  850.5
   10.5  31090  -40.0  -77.0      1   0.10     65     19  858.0  859.3  858.1
   10.0  31400  -41.1  -78.1      1   0.09     85     19  865.0  866.1  865.0
    9.7  31607  -41.1  -78.1      1   0.09     95     18  872.5  873.8  872.6
    9.6  31699  -40.5  -77.5      1   0.10    100     18  878.1  879.5  878.2
    9.2  32004  -38.5  -75.5      1   0.15     50     11  896.9  898.8  897.0
    9.1  32043  -38.3  -75.3      1   0.15     51     12  899.3  901.3  899.4
    8.5  32514  -36.9  -74.9      1   0.17     65     24  922.5  924.8  922.6
    8.3  32678  -37.9  -75.9      1   0.15     69     29  924.9  926.9  925.0
    7.7  33223  -35.6  -74.3      1   0.21     85     43  955.2  958.1  955.4
    7.5  33380  -34.9  -73.9      1   0.23                964.2  967.4  964.3

